42 154 130 115 101
27 61 64 88 68
69 222 241 217 213
45 133 108 95 93
66 191 210 206 198
====================
63 121 155 113 182
90 113 153 149 192
55 148 152 93 184
55 138 152 155 169
110 164 198 156 255
====================
135 109 111 202 131
132 116 139 202 172
125 114 118 202 129
112 100 101 176 91
129 91 145 94 95
====================
112 109 136 89 142
68 108 80 74 62
97 87 126 66 120
207 119 172 144 268
135 89 108 113 201
====================
68 162 84 130 117
69 156 141 179 127
104 161 84 162 163
106 229 171 220 159
68 162 135 159 100
====================
77 134 172 193 62
84 234 188 240 112
120 109 216 211 39
149 182 208 232 77
55 90 110 116 41
====================
164 219 179 141 188
93 108 110 82 117
161 140 112 114 115
164 197 217 153 205
152 294 224 174 259
====================
61 153 194 168 146
26 65 51 67 60
112 73 164 172 102
118 174 219 237 182
32 110 63 83 60
====================
41 26 39 55 36
86 74 121 88 81
158 141 138 166 195
156 131 106 99 119
38 18 30 82 70
====================
178 152 133 102 43
234 222 248 122 138
188 171 175 85 85
197 230 226 176 133
158 144 151 93 75
====================
122 63 118 63 84
192 132 99 111 96
268 177 78 121 154
242 116 110 88 185
168 82 108 74 120
====================
94 112 92 48 84
99 107 144 55 132
115 93 148 63 132
122 116 124 66 110
101 74 94 45 83
====================
67 104 207 128 141
91 119 239 157 104
86 125 210 130 64
0 19 33 6 25
69 128 229 139 109
====================
136 244 146 219 170
69 153 127 107 124
91 179 84 116 104
89 148 89 136 83
75 138 87 131 97
====================
70 39 42 122 48
148 90 149 124 108
120 78 144 54 66
157 99 109 92 80
120 75 111 80 90
====================
156 141 134 125 152
28 77 46 18 23
88 158 117 84 128
85 154 162 107 126
151 172 188 176 187
====================
95 150 151 219 131
91 154 187 206 93
85 146 199 228 147
78 118 167 211 126
88 128 123 197 100
====================
215 187 161 47 166
240 182 134 32 188
241 197 160 66 196
112 102 92 24 42
140 132 68 41 108
====================
177 146 68 70 160
169 183 122 124 206
142 151 120 88 180
207 160 124 100 223
259 228 152 148 313
====================
65 60 84 79 116
121 126 201 137 276
141 98 164 181 252
106 99 142 57 216
92 53 63 87 124
====================
79 84 183 95 88
49 54 133 69 61
122 144 169 116 106
96 118 220 118 109
124 160 169 119 82
====================
73 88 168 157 116
80 96 154 121 150
39 110 145 61 116
98 96 168 169 170
49 123 170 116 97
====================
153 152 136 99 196
96 156 118 71 204
77 41 52 61 60
96 53 63 83 98
90 101 71 60 142
====================
115 93 110 61 42
146 130 123 77 39
161 129 178 81 49
144 121 134 62 59
109 81 125 58 45
====================
114 102 111 55 94
53 76 74 91 77
128 81 123 55 111
192 191 218 158 229
165 146 192 128 221
====================
247 163 147 209 181
138 107 96 124 101
183 87 79 78 121
78 70 40 53 98
179 120 85 96 120
====================
167 143 173 61 152
215 158 191 61 215
74 53 52 14 82
58 69 72 18 72
32 46 60 12 54
====================
94 74 105 172 86
124 98 163 238 147
120 103 104 177 79
66 51 79 131 79
161 145 138 216 124
====================
97 56 178 109 117
75 44 128 78 89
114 78 203 180 115
134 80 134 113 120
142 78 223 126 139
====================
67 60 21 78 33
171 158 112 203 134
108 63 89 88 53
193 153 144 213 123
118 82 140 122 95
====================
91 181 108 133 156
135 166 163 150 164
85 76 73 61 78
40 123 89 103 94
156 186 160 179 170
====================
123 134 110 121 108
154 121 190 172 142
144 60 81 121 132
128 104 120 173 151
137 153 83 145 138
====================
105 70 85 170 78
165 102 135 246 129
96 66 128 110 85
72 76 107 158 97
66 98 95 128 73
====================
154 155 123 169 143
125 163 150 142 164
144 145 155 145 166
104 121 93 113 124
137 198 144 161 187
====================
133 112 74 161 176
152 133 106 143 134
169 167 120 193 183
124 95 96 166 139
169 157 97 167 215
====================
191 195 232 90 243
164 180 156 138 117
118 132 151 60 161
194 237 211 168 169
144 129 148 74 130
====================
88 63 82 95 96
189 175 171 178 196
197 169 198 196 213
159 163 164 122 174
70 37 109 106 86
====================
148 114 50 88 210
149 134 48 95 190
232 164 108 164 266
219 156 124 170 276
133 138 38 71 162
====================
157 155 159 124 139
65 83 128 79 129
54 54 101 61 144
153 161 165 106 153
91 83 105 104 129
====================
133 121 51 202 72
191 160 82 251 135
112 136 25 154 74
179 154 41 203 79
156 139 62 224 89
====================
171 112 147 91 60
119 104 95 35 67
185 142 173 106 74
200 121 146 99 53
105 48 103 75 51
====================
164 114 112 120 48
134 75 132 135 67
115 104 127 188 78
51 50 36 55 6
153 143 113 160 44
====================
134 172 68 99 79
88 76 48 70 84
100 102 53 68 88
116 82 80 79 106
122 146 111 144 102
====================
69 44 77 20 52
122 82 146 94 147
96 88 105 72 134
134 66 90 143 181
146 110 150 66 124
====================
48 119 34 79 12
113 151 50 181 69
51 128 49 101 60
131 201 54 196 73
94 177 57 165 39
====================
96 224 101 152 163
42 86 37 62 87
52 163 72 122 119
52 206 92 146 133
91 122 51 87 108
====================
